1
5
19
13
11
7
4
10
10
10
10
10
10
10
10
10
10
10
10
10
10
10
10
10
10
10
100
60
100
60
100
60
100
60
100
60
100
60
100
60
100
60
100
60
100
60
100
60
100
60
100
60
22
1
22
2
22
2
22
2
22
3
22
4
22
4
22
5
22
6
22
7
22
7
120
200
7
14
1
1
2
17
18
13
16
10
14
24
15
9
17
120
200
6
2
2
15
19
4
6
19
5
3
4
18
3
120
200
8
23
13
12
6
20
7
5
8
21
9
6
10
22
11
8
12
120
200
11
13
18
16
19
4
6
20
7
5
8
21
9
6
10
22
11
8
12
23
13
11
16
-1 1 -1 -1 -1 -1 -1 -1 -1 -1 -1 -1 -1 -1 1 -1 -1 -1 -1 -1 -1 -1 -1 -1 -1 
1 -1 2 -1 -1 -1 -1 -1 -1 -1 -1 -1 -1 -1 1 2 -1 2 -1 -1 -1 -1 -1 -1 -1 
-1 2 -1 -1 -1 -1 -1 -1 -1 -1 -1 -1 -1 -1 -1 2 -1 2 3 -1 -1 -1 -1 -1 -1 
-1 -1 -1 -1 -1 -1 -1 -1 -1 -1 -1 -1 -1 -1 -1 -1 -1 -1 4 5 -1 -1 -1 -1 -1 
-1 -1 -1 -1 -1 -1 -1 -1 -1 -1 -1 -1 6 -1 -1 19 19 -1 -1 6 6 -1 -1 -1 -1 
-1 -1 -1 -1 -1 -1 -1 7 -1 -1 -1 -1 -1 -1 -1 -1 -1 -1 -1 -1 7 8 -1 -1 -1 
-1 -1 -1 -1 -1 -1 -1 10 -1 -1 -1 -1 -1 -1 -1 -1 -1 -1 -1 -1 -1 9 10 -1 -1 
-1 -1 -1 -1 -1 7 10 -1 -1 -1 -1 -1 -1 -1 -1 -1 -1 -1 -1 -1 7 -1 10 -1 -1 
-1 -1 -1 -1 -1 -1 -1 -1 -1 -1 -1 -1 -1 -1 -1 -1 -1 -1 -1 -1 -1 -1 11 12 -1 
-1 -1 -1 -1 -1 -1 -1 -1 -1 -1 -1 -1 -1 -1 17 -1 -1 -1 -1 -1 -1 -1 -1 -1 15 
-1 -1 -1 -1 -1 -1 -1 -1 -1 -1 -1 16 -1 16 -1 -1 -1 -1 -1 -1 -1 -1 -1 -1 14 
-1 -1 -1 -1 -1 -1 -1 -1 -1 -1 16 -1 13 16 -1 -1 -1 -1 -1 -1 -1 -1 -1 13 -1 
-1 -1 -1 -1 6 -1 -1 -1 -1 -1 -1 13 -1 -1 -1 -1 -1 -1 -1 6 6 -1 -1 13 -1 
-1 -1 -1 -1 -1 -1 -1 -1 -1 -1 16 16 -1 -1 -1 -1 18 18 -1 -1 -1 -1 -1 -1 -1 
1 1 -1 -1 -1 -1 -1 -1 -1 17 -1 -1 -1 -1 -1 -1 -1 -1 -1 -1 -1 -1 -1 -1 -1 
-1 2 2 -1 19 -1 -1 -1 -1 -1 -1 -1 -1 -1 -1 -1 19 2 -1 -1 -1 -1 -1 -1 -1 
-1 -1 -1 -1 19 -1 -1 -1 -1 -1 -1 -1 -1 18 -1 19 -1 18 -1 -1 -1 -1 -1 -1 -1 
-1 2 2 -1 -1 -1 -1 -1 -1 -1 -1 -1 -1 18 -1 2 18 -1 -1 -1 -1 -1 -1 -1 -1 
-1 -1 3 4 -1 -1 -1 -1 -1 -1 -1 -1 -1 -1 -1 -1 -1 -1 -1 -1 -1 -1 -1 -1 -1 
-1 -1 -1 5 6 -1 -1 -1 -1 -1 -1 -1 6 -1 -1 -1 -1 -1 -1 -1 6 -1 -1 -1 -1 
-1 -1 -1 -1 6 7 -1 7 -1 -1 -1 -1 6 -1 -1 -1 -1 -1 -1 6 -1 -1 -1 -1 -1 
-1 -1 -1 -1 -1 8 9 -1 -1 -1 -1 -1 -1 -1 -1 -1 -1 -1 -1 -1 -1 -1 -1 -1 -1 
-1 -1 -1 -1 -1 -1 10 10 11 -1 -1 -1 -1 -1 -1 -1 -1 -1 -1 -1 -1 -1 -1 -1 -1 
-1 -1 -1 -1 -1 -1 -1 -1 12 -1 -1 13 13 -1 -1 -1 -1 -1 -1 -1 -1 -1 -1 -1 -1 
-1 -1 -1 -1 -1 -1 -1 -1 -1 15 14 -1 -1 -1 -1 -1 -1 -1 -1 -1 -1 -1 -1 -1 -1 




